3e-08
0.000297896
5e-08
0.000296208
7e-08
0.00029696
8e-08
0.000296539
1e-07
0.000296394
1.01e-07
0.000284476
1.21e-07
0.000284155
1e-07
0.000283289
1.81e-07
0.000290627
2.2e-07
0.000285427
2.4e-07
0.00028156
2.7e-07
0.000281545
3.2e-07
0.000282237
3.51e-07
0.000281591
4e-07
0.000281996
4.21e-07
0.000282317
6.01e-07
0.000282993
6.91e-07
0.000287857
8.82e-07
0.000284681
1.002e-06
0.000285343
1.062e-06
0.000283299
1.172e-06
0.000283349
1.283e-06
0.000282878
1.322e-06
0.000283619
1.663e-06
0.000284381
1.883e-06
0.000285883
2.174e-06
0.0002836
2.335e-06
0.000287106
2.665e-06
0.000285157
2.785e-06
0.000285683
3.006e-06
0.000282738
3.126e-06
0.000286745
3.597e-06
0.000286469
3.918e-06
0.000285949
4.388e-06
0.000286741
4.719e-06
0.000286851
5.24e-06
0.000286535
5.53e-06
0.000287186
5.761e-06
0.000287432
6.141e-06
0.000286575
6.783e-06
0.000288403
7.213e-06
0.000287857
8.045e-06
0.0002895
8.426e-06
0.000288628
9.197e-06
0.000288598
9.638e-06
0.000288934
1.0099e-05
0.000292106
1.039e-05
0.000288534
1.1462e-05
0.000290207
1.2023e-05
0.000290357
1.2302e-05
0.000290532
1.20225e-05
0.000291218
1.4041e-05
0.000292075
1.43015e-05
0.000294324
1.95765e-05
0.000295912
2.09495e-05
0.000296238
2.15705e-05
0.000294224
2.04335e-05
0.000293854
1.61705e-05
0.000296934
1.36355e-05
0.000293849
1.5254e-05
0.000295952
1.6621e-05
0.000294995
1.6771e-05
0.000296914
1.5639e-05
0.000293332
1.61955e-05
0.000290792
1.5534e-05
0.00029205
1.7052e-05
0.000291063
1.74675e-05
0.000295362
1.9341e-05
0.000292791
2.07285e-05
0.000291579
2.0829e-05
0.000292656
2.0473e-05
0.000291514
2.0318e-05
0.000292516
1.8264e-05
0.000293778
1.869e-05
0.000295797
2.04535e-05
0.000300321
2.0528e-05
0.000299805
2.49365e-05
0.000297039
2.40995e-05
0.000300711
2.42505e-05
0.000295822
2.397e-05
0.000295547
2.3504e-05
0.000297465
2.3624e-05
0.000296038
2.2968e-05
0.000299799
2.3784e-05
0.000299679
2.4571e-05
0.000296929
2.6034e-05
0.000298708
2.54525e-05
0.000297415
2.71405e-05
0.000300631
2.69e-05
0.000297741
2.8528e-05
0.000299138
2.7962e-05
0.000302595
3.12785e-05
0.000301102
2.91195e-05
0.000299889
3.0382e-05
0.000298683
2.9029e-05
0.000298227
2.97055e-05
0.000301889
3.03315e-05
0.000300526
3.16945e-05
0.000301999
3.38835e-05
0.00030293
3.3508e-05
0.000301532
3.3292e-05
0.000302826
3.39585e-05
0.000302118
3.36475e-05
0.000301823
3.67085e-05
0.000303857
3.769e-05
0.000304008
3.7715e-05
0.00031036
3.6273e-05
0.000303928
3.8672e-05
0.00030492
3.6714e-05
0.000308376
4.0265e-05
0.000305825
3.8923e-05
0.000304984
4.017e-05
0.000308054
4.1072e-05
0.000307409
4.5916e-05
0.000307965
4.6211e-05
0.000309302
4.77845e-05
0.000312608
4.4834e-05
0.000311441
4.559e-05
0.000316676
4.3166e-05
0.000311912
4.74185e-05
0.000312233
4.80895e-05
0.000312523
4.9287e-05
0.000313661
5.0409e-05
0.000313891
5.1937e-05
0.000315494
5.5944e-05
0.000315078
5.337e-05
0.00031574
5.2072e-05
0.000314877
5.85695e-05
0.00031894
5.51275e-05
0.000315664
5.31945e-05
0.000320278
5.4797e-05
0.000316946
5.81185e-05
0.000317688
5.55635e-05
0.000317497
6.1008e-05
0.00032135
6.29675e-05
0.000318013
6.03625e-05
0.000318564
6.4766e-05
0.000320148
6.4936e-05
0.000321605
6.9209e-05
0.000324841
6.87135e-05
0.000322778
6.66495e-05
0.000325002
6.88635e-05
0.000322226
6.5657e-05
0.000323519
6.7837e-05
0.000326765
6.72205e-05
0.000324571
6.8412e-05
0.000325708
7.10975e-05
0.000326725
6.92745e-05
0.000326083
7.1904e-05
0.000330271
6.95755e-05
0.000327246
7.6248e-05
0.000328012
7.71495e-05
0.000328153
7.2851e-05
0.000331704
8.02195e-05
0.000330361
7.9859e-05
0.000332836
8.5465e-05
0.000331799
8.16925e-05
0.000332966
8.22635e-05
0.000332711
7.39985e-05
0.000331308
7.784e-05
0.000335897
8.2775e-05
0.000334269
8.5174e-05
0.000338111
8.7102e-05
0.000335661
9.36695e-05
0.000336703
9.373e-05
0.000336217
9.13305e-05
0.000337295
9.28785e-05
0.000341006
9.926e-05
0.000338367
0.000100213
0.000345265
9.9766e-05
0.000339474
9.76875e-05
0.000340921
0.000111047
0.000341172
0.000101324
0.000341442
0.00011011
0.00034279
0.000104125
0.000342179
0.000124738
0.000344437
0.00010188
0.000346251
0.000115551
0.000346782
0.000115525
0.000346762
0.000111053
0.000348725
0.000112105
0.00034825
0.000119082
0.000350049
0.000111093
0.000347899
0.000126021
0.000351065
0.000113842
0.000353124
0.00013414
0.000353555
0.000121792
0.000355158
0.000135077
0.000354382
0.000120545
0.000354651
0.000130463
0.000356505
0.000110952
0.000354702
0.000128069
0.000357888
0.000109604
0.000358479
0.000116087
0.000359847
0.000121125
0.000363172
0.000118621
0.000361936
0.00013938
0.000363919
0.000120635
0.000362772
0.000123911
0.0003615
0.000133259
0.000365632
0.000133649
0.000364595
0.000145501
0.000454659
0.000132417
0.000448502
0.000160454
0.000450821
0.000145041
0.000451012
0.000142261
0.000450731
0.000140157
0.000457098
0.000174997
0.000455805
0.000145125
0.000465884
0.000164237
0.000464467
0.000160344
0.000468359
0.000156046
0.000484123
0.00015786
0.000487169
0.000184379
0.000490245
0.000159437
0.000489729
0.000157654
0.000488843
0.000181665
0.000489008
0.000174505
0.000491772
0.00016592
0.000491432
0.000175167
0.000492845
0.000169671
0.000493837
0.000183197
0.000496837
0.000212086
0.000495335
0.000177225
0.000501095
0.000186628
0.00050084
0.000178478
0.000504056
0.000177872
0.000501756
0.000187109
0.000502778
0.000183312
0.000507457
0.000185722
0.000504481
0.000226387
0.000490125
0.000224584
0.000493125
0.000235259
0.000493907
0.000199638
0.000496621
0.000207241
0.000496171
0.000211054
0.00049809
0.000205884
0.000500685
0.000205018
0.000501065
0.000184389
0.000502142
0.000191197
0.000507111
0.000203159
0.000510649
0.000202648
0.000514645
0.000194168
0.000512502
0.000202017
0.000512732
0.000235669
0.000509696
0.000261238
0.000512366
0.000218858
0.000510878
0.0002435
0.000515553
0.00022223
0.000513629
0.000268476
0.000517907
0.000223041
0.000518889
0.000265471
0.000520276
0.000237348
0.000523066
0.000248068
0.000525616
0.000256468
0.000522921
0.000257756
0.000597976
0.000254775
0.000601954
0.000266367
0.000619431
0.000269914
0.000616626
0.000275855
0.000617322
0.000274648
0.000619621
0.000306628
0.00061912
0.000291143
0.000619421
0.000320263
0.000623528
0.000293087
0.000621395
0.000269864
0.00062452
0.000281501
0.000623429
0.000321215
0.000626479
0.000314487
0.000626193
0.000290663
0.000628989
0.000285047
0.000628443
0.000285097
0.000628708
0.000295126
0.000630392
0.000311572
0.000635681
0.000298082
0.00063191
0.000297169
0.000629565
0.000315188
0.000632115
0.000303581
0.000631899
0.000300646
0.000634284
0.000286675
0.000637284
0.000290182
0.000633743
0.000292711
0.000637524
0.000298157
0.000638767
0.000301713
0.000637074
0.000293192
0.000636613
0.000288959
0.000637725
0.000300545
0.000638041
0.000273325
0.000635982
0.000306487
0.000639178
0.000345856
0.000638607
0.000284541
0.000638031
0.000308121
0.000640385
0.000310419
0.000635897
0.000310049
0.000637309
0.000383862
0.000634059
0.000366545
0.00063767
0.000359346
0.000638742
0.000352047
0.000637655
0.000339018
0.000638206
0.000344453
0.000641156
0.000357518
0.000641207
0.000343707
0.000641663
0.000344478
0.00065332
0.000354817
0.000654036
0.000361169
0.000644623
0.000378592
0.000645109
0.000426651
0.000647294
0.000377805
0.000645033
0.00037551
0.000647007
0.000382304
0.000647308
0.000367656
0.000647353
0.000413742
0.000650063
0.000391195
0.000652388
0.000456406
0.00065355
0.000389111
0.000655223
0.000398449
0.000659321
0.000396931
0.000672461
0.000429547
0.000677855
0.000460955
0.000670521
0.000424127
0.000673587
0.000416447
0.000672019
0.000416853
0.000671549
0.000419488
0.00065865
0.000421837
0.000664701
0.000430078
0.000665908
0.000437416
0.000669013
0.000442225
0.000664901
0.000447841
0.000667976
0.000449914
0.000666409
0.000473294
0.000665728
0.000473999
0.000666599
0.000466596
0.000666559
0.00046874
0.000668323
0.000465794
0.000672771
0.000441148
0.000671939
0.000438007
0.000675992
0.000450986
0.000675236
0.000457985
0.000676322
0.000465233
0.000676422
0.000499542
0.000675476
0.000494232
0.000681868
0.000496947
0.000678066
0.000508479
0.000678662
0.000511554
0.00068613
0.000506505
0.000686637
0.000502758
0.000688019
0.000611306
0.000687253
0.000526463
0.000689111
0.000531917
0.000690769
0.000527119
0.000771816
0.000544381
0.000772742
0.000541225
0.000773152
0.000551249
0.000777782
0.000566492
0.000778272
0.00058923
0.000776424
0.000595226
0.00078234
0.000648801
0.000793231
0.000607879
0.000801856
0.000570881
0.000802723
0.000571907
0.00080657
0.000586138
0.00080923
0.000596749
0.000916666
0.000587216
0.000919029
0.000592897
0.000919992
0.000593578
0.000920629
0.000593938
0.000907198
0.00060022
0.000910961
0.000610229
0.000910669
0.000611
0.000914862
0.000615684
0.000916055
0.00061107
0.000916135
0.000610535
0.000913996
0.000604403
0.000917838
0.000622331
0.00091664
0.00061608
0.000919206
0.000611803
0.000920593
0.000617277
0.000922296
0.000627221
0.000923309
0.000622597
0.000921825
0.000630286
0.000926324
0.000623293
0.000922763
0.000619285
0.00092431
0.000606732
0.000932997
0.000613681
0.000952739
0.00061341
0.000951015
0.000608976
0.000954216
0.000610565
0.000952072
0.000636147
0.0009537
0.000620403
0.000955148
0.000639754
0.000955223
0.000644743
0.000956085
0.000659726
0.000956561
0.000657587
0.00095923
0.00066971
0.000963378
0.00066704
0.000963588
0.0006883
0.000967776
0.000694111
0.000968112
0.000703578
0.000971729
0.000710832
0.000969595
0.000719248
0.000970561
0.000730559
0.000969539
0.000749504
0.000972084
0.000757805
0.000975125
0.000766065
0.00097546
0.000769321
0.000979302
0.000753932
0.000978501
0.000750506
0.000976323
0.00077167
0.000979609
0.000784018
0.000979653
0.000784038
0.00098323
0.000795836
0.000983495
0.000793541
0.000983631
0.000799307
0.000983581
0.000824008
0.000989282
0.000837237
0.000985785
0.00130454
0.000989903
0.000868616
0.000991195
0.000831954
0.000990494
0.00081957
0.000990939
0.000913475
0.000995729
0.000851474
0.00100177
0.000861553
0.000998143
0.000867499
0.000994812
0.000910735
0.000997432
0.000898667
0.000999526
0.000897835
0.000999315
0.000905385
0.0010027
0.000914132
0.00100346
0.000905084
0.0010092
0.000909808
0.00100869
0.000850141
0.00100907
0.000883519
0.00101112
0.000889265
0.00101495
0.000891553
0.00101636
0.000893693
0.00102043
0.000919065
0.00101842
0.000925723
0.00101877
0.000951246
0.00102171
0.000961009
0.00102027
0.000968984
0.00102311
0.000981272
0.00102611
0.000958278
0.00102249
0.000970646
0.00101638
0.000989256
0.00102959
0.00100263
0.00102445
0.00101812
0.00103027
0.00104946
0.00102456
0.00103411
0.00105047
0.00105035
0.00104499
0.00104788
0.00105088
0.00106718
0.00104286
0.00109551
0.00105563
0.00112695
0.00105247
0.00106995
0.00105607
0.00107272
0.00105389
0.0010574
0.00106002
0.0010966
0.0010552
0.00109964
0.00105935
0.00110257
0.00105092
0.001099
0.00106835
0.0011026
0.00106508
0.00112099
0.00107121
0.00114068
0.00106356
0.00112179
0.00105441
0.00112296
0.00105759
0.0011118
0.00105853
0.00110051
0.00105813
0.00111365
0.00106438
0.00112897
0.00107254
0.00112613
0.00106598
0.00112709
0.00106953
0.001126
0.00107028
0.00112334
0.00106509
0.00112912
0.00107047
0.00113972
0.00107296
0.00113879
0.00108853
0.00112446
0.00108897
0.00111487
0.00109128
0.00107868
0.00107013
0.0011014
0.0010849
0.00112429
0.00108763
0.0011449
0.00108838
0.00114746
0.00108837
0.0011435
0.00109119
0.00114795
0.00109198
0.00115252
0.00109228
0.00119787
0.00108915
0.00120778
0.00109776
0.0012251
0.00109215
0.00122016
0.0010868
0.00121699
0.00109012
0.00126051
0.00109172
0.00125334
0.0010916
0.0012733
0.00109552
0.00128798
0.00109304
0.00128038
0.00109709
0.00131584
0.00108901
0.00130911
0.00109121
0.00133494
0.00109048
0.00133634
0.00108976
0.00135911
0.00108943
0.00135482
0.00108887
0.00133496
0.00109599
0.00136074
0.00109153
0.0013531
0.00108707
0.00138801
0.0010943
0.00140852
0.00108853
0.00143193
0.00109872
0.00147146
0.00109649
0.00155915
0.00109781
0.00164804
0.00109581
0.00155767
0.00120849
0.00150398
0.00121146
0.00147092
0.00121107
0.00146256
0.00121405
0.00146695
0.00121424
0.00147742
0.00122098
0.00150671
0.00122286
0.00149763
0.0012212
0.00152238
0.0012222
0.00150778
0.00122362
0.00152903
0.00122563
0.0015417
0.00122455
0.00155668
0.001231
0.00156392
0.00122996
0.00154671
0.00122636
0.00150222
0.00123007
0.00151998
0.00123763
0.00152943
0.0012362
0.00153153
0.00123551
0.00155563
0.0012356
0.00156414
0.00124737
0.0015949
0.00124018
0.00165805
0.00124592
0.00161181
0.00124704
0.00162438
0.00125192
0.00164274
0.00124948
0.00166083
0.00125344
0.00165859
0.00125191
0.00168539
0.00125639
0.00171047
0.00125271
0.00173447
0.001255
0.00173076
0.00125498
0.00174417
0.0012701
0.00176359
0.00127383
0.00180336
0.00127352
0.00183974
0.00127384
0.00183856
0.00128053
0.00184483
0.00132185
0.00181067
0.00128213
0.00181875
0.00128113
0.00180911
0.0012906
0.00183482
0.00128494
0.00183442
0.00128737
0.00184242
0.00128546
0.00181923
0.00128759
0.00184479
0.00128922
0.00185686
0.00129306
0.00186471
0.00129701
0.00186548
0.00129817
0.00186319
0.00130488
0.00187333
0.00130711
0.00183948
0.00130479
0.00185347
0.00130847
0.00188221
0.00130893
0.00187363
0.00131304
0.00185631
0.00131189
0.00187617
0.00131709
0.00186352
0.0013163
0.00190361
0.00131948
0.00189086
0.00132459
0.00189763
0.00131606
0.00187948
0.00131498
0.00187002
0.00131573
0.00182064
0.00131937
0.00184649
0.00134288
0.00188155
0.00134028
0.00187066
0.00134356
0.0018702
0.00134411
0.00187659
0.00134091
0.00189504
0.00133818
0.00192609
0.0013419
0.00196864
0.00134522
0.00197796
0.00134749
0.00199133
0.0013517
0.00198253
0.00134988
0.00202315
0.00134777
0.00201532
0.0013544
0.00202708
0.00135743
0.00206261
0.0013542
0.00210477
0.0013548
0.00207938
0.00136128
0.00209856
0.00137127
0.00209333
0.00136768
0.00213005
0.00136701
0.00217136
0.00136851
0.00215989
0.00140948
0.00215401
0.0014137
0.00212959
0.00137501
0.00216909
0.00137978
0.00220074
0.00138054
0.00223104
0.00137612
0.00598711
0.00138307
0.00222794
0.00138521
0.00225814
0.0013872
0.00226985
0.0013869
0.00226826
0.0013884
0.00230364
0.00138946
0.00227567
0.00139727
0.00227643
0.00139453
0.00229208
0.00139561
0.00234633
0.00139439
0.00233736
0.00141145
0.00237486
0.00139865
0.00238702
0.00140193
0.00239898
0.00140408
0.002403
0.00141183
0.00242125
0.00141335
0.00249285
0.00141367
0.00246922
0.00141877
0.00243008
0.00141688
0.00246213
0.00141793
0.00236007
0.00141499
0.00243079
0.0014261
0.00243349
0.00142866
0.0024514
0.00142742
0.00250397
0.00156034
0.00249836
0.00156354
0.00250964
0.00156474
0.00253297
0.00156321
0.0025598
0.0015692
0.00259392
0.00156856
0.00259676
0.00157096
0.00258719
0.00157243
0.00258018
0.00157738
0.00261828
0.00157687
0.00264107
0.00157454
0.00267513
0.00157992
0.00267327
0.00157489
0.00273739
0.00161254
0.00277228
0.00161212
0.00279518
0.00161825
0.0028565
0.00160386
0.00286721
0.0016031
0.00286888
0.0016063
0.00283579
0.00160878
0.00282601
0.00160893
0.00282628
0.00161923
0.00281126
0.00161311
0.00286585
0.00162578
0.00286644
0.00162093
0.00289361
0.00161766
0.0029042
0.00162325
0.00292007
0.00162239
0.00292202
0.00162612
0.00292507
0.00163888
0.0029304
0.00164461
0.00292253
0.00165211
0.00292424
0.00163262
0.00292343
0.00163728
0.00297447
0.00163557
0.00300769
0.00163902
0.00298491
0.0016412
0.00299397
0.00164897
0.00300131
0.0016431
0.00302333
0.00164725
0.00302152
0.00165056
0.00304747
0.00165516
0.00303158
0.00165202
0.00300341
0.00165968
0.00294764
0.00166175
0.00296582
0.00168278
0.00299836
0.00168364
0.00299151
0.00168877
0.00299847
0.00168845
0.00303242
0.00168878
0.00308731
0.00168673
0.00309244
0.00168708
0.00307331
0.00168676
0.00315995
0.00169701
0.00318656
0.00170051
0.0032518
0.00170278
0.00321012
0.00170495
0.00321392
0.00170498
0.00321214
0.00170253
0.00328578
0.00170738
0.00327609
0.00170425
0.00330292
0.00171192
0.00331159
0.00171326
0.00335743
0.0017146
0.00342817
0.0017159
0.00343083
0.00172207
0.00342361
0.00171813
0.00351292
0.00172213
0.0034114
0.00172256
0.00344515
0.00173049
0.00343105
0.00172962
0.00347587
0.00173089
0.00350476
0.00173456
0.00349318
0.00174268
0.0035564
0.00174281
0.00355327
0.00174372
0.00358141
0.00174293
0.00368016
0.00176648
0.00360617
0.001768
0.00368208
0.00177725
0.00362391
0.00176365
0.00365775
0.00176947
0.00366813
0.00177108
0.00369849
0.00177325
0.00858503
0.001776
0.00373558
0.00178489
0.00376608
0.00177662
0.00378723
0.00178003
0.00379292
0.00178315
0.00384986
0.00179158
0.00381017
0.00180186
0.00377869
0.00178902
0.00370173
0.00179626
0.00374433
0.00180395
0.00377873
0.00180359
0.00380133
0.00181973
0.00379853
0.00180185
0.00386854
0.00191503
0.00386114
0.00190729
0.00390099
0.00190591
0.00395434
0.00190349
0.00400154
0.00192267
0.00398382
0.00191332
0.00399508
0.00191975
0.0039945
0.00192303
0.00402163
0.00192345
0.0040751
0.00192332
0.00412799
0.00192462
0.00417217
0.00192383
0.00415204
0.00194009
0.00417356
0.00193639
0.00425186
0.00195106
0.00428251
0.00193777
0.00436616
0.00194331
0.00436893
0.00194821
0.00435552
0.00194095
0.00424488
0.0019404
0.0043351
0.00195394
0.00429641
0.00194699
0.00431638
0.00195432
0.0043848
0.0019501
0.00435531
0.00196258
0.00436665
0.0019599
0.00433602
0.00195655
0.00439133
0.00195615
0.00437997
0.00197124
0.00436195
0.00197294
0.0043604
0.00198174
0.00435095
0.00197294
0.00435944
0.00197274
0.00437156
0.00199301
0.00440187
0.00198364
0.00439529
0.00198544
0.00441617
0.00199161
0.00442025
0.00199549
0.00445289
0.00199509
0.0044782
0.00199206
0.00446734
0.00200065
0.00446159
0.00200019
0.00447663
0.00200503
0.00446201
0.00200439
0.00438707
0.00204161
0.0044133
0.00204811
0.00441659
0.00205258
0.00450737
0.00204733
0.0044982
0.0020547
0.00450339
0.00205263
0.00449813
0.00206095
0.00455565
0.0020598
0.00457571
0.00206444
0.00461205
0.00206513
0.0045929
0.00206474
0.00465104
0.00206708
0.0046931
0.00207996
0.00472661
0.00207779
0.00477077
0.00208658
0.00478604
0.00207426
0.00480845
0.0020837
0.0048429
0.00208629
0.00485286
0.00209678
0.00490743
0.0020843
0.00495659
0.00210587
0.0049951
0.00209482
0.00499991
0.00209792
0.00495429
0.00209658
0.0049737
0.00210449
0.00498246
0.00210438
0.00504631
0.00211842
0.00507249
0.00210554
0.00507843
0.00211945
0.00509176
0.0021189
0.00508489
0.00212218
0.00517446
0.00212653
0.00522245
0.00212266
0.0052498
0.00212888
0.00522091
0.00213955
0.0052285
0.0021321
0.0052778
0.00213888
0.00532885
0.00214885
0.00536785
0.00215054
0.0053507
0.00214753
0.00540198
0.00215333
0.00541165
0.00224784
0.0054677
0.0022518
0.00548114
0.00225676
0.00550845
0.00225447
0.00551101
0.0022699
0.00551263
0.00227143
0.00535223
0.00226795
0.00541355
0.00227231
0.00546897
0.00227304
0.00553496
0.00227324
0.0055738
0.00227976
0.00556967
0.00228231
0.00555958
0.0022823
0.0056178
0.00235005
0.00570369
0.00228478
0.00571013
0.00229799
0.005702
0.00229314
0.00576204
0.00229876
0.00579181
0.00229487
0.00579883
0.00230655
0.00584364
0.00230719
0.00590327
0.00230857
0.00589079
0.00230949
0.00596961
0.002347
0.00600179
0.00236082
0.00604924
0.00235599
0.0060432
0.00233513
0.00609714
0.0023619
0.00604735
0.00235318
0.00605835
0.00234917
0.0060237
0.00235407
0.00608067
0.00236637
0.00612415
0.0023554
0.00610113
0.00236249
0.00613679
0.00236313
0.00615918
0.00239755
0.00612367
0.00238039
0.00612833
0.00239364
0.00617068
0.00239139
0.00634947
0.00240219
0.00626185
0.0023959
0.00616827
0.00242277
0.00614427
0.00237203
0.00627817
0.0023849
0.00634832
0.00242643
0.00630471
0.00239964
0.00623287
0.00239275
0.00622734
0.00244122
0.00623415
0.00239539
0.00622469
0.00241492
0.006264
0.00240555
0.00628372
0.00241017
0.00627612
0.00241805
0.00620056
0.00242298
0.00611066
0.00243177
0.00618115
0.00244146
0.00616211
0.00245363
0.0062139
0.00245033
0.00624406
0.00241997
0.00629785
0.00243859
0.00634461
0.0024432
0.00638991
0.0024396
0.00642292
0.00243582
0.00644815
0.00247033
0.00643822
0.00244729
0.00645936
0.00246856
0.00647957
0.0024575
0.00652382
0.00245067
0.00657589
0.00244989
0.00661315
0.00245053
0.00665925
0.00245751
0.00669652
0.00250129
0.00679295
0.00249831
0.00681615
0.00248838
0.00682923
0.002482
0.00695432
0.00246994
0.00687362
0.0025342
0.00684734
0.00259798
0.00690964
0.00258869
0.00690845
0.00261547
0.00697698
0.00258967
0.00696608
0.00260049
0.00700224
0.00264638
0.00703606
0.00262503
0.00702089
0.00263633
0.00708587
0.00268118
0.00725085
0.00262829
0.00719399
0.00270077
0.00722437
0.00271625
0.00717322
0.00271309
0.00719425
0.0027096
0.00726312
0.0027166
0.0072514
0.00270283
0.00739704
0.00278234
0.00739424
0.00275245
0.00739386
0.00274446
0.00747223
0.00274588
0.0075233
0.00278441
0.00833996
0.00280683
0.00752478
0.00277246
0.00756651
0.0027832
0.00746741
0.00276623
0.00736592
0.00280749
0.00745727
0.00276308
0.00741989
0.00281268
0.00744275
0.00277578
0.00752361
0.0028304
0.00755454
0.00277326
0.00755918
0.00278747
0.00766027
0.0027893
0.00776734
0.00280058
0.00776883
0.00277461
0.00782719
0.00279617
0.00779977
0.00286662
0.00783582
0.00280923
0.00784495
0.00281992
0.00795725
0.00279685
0.00808893
0.00287523
0.00803505
0.00284326
0.00804544
0.00287196
0.00811479
0.00286539
0.00817675
0.00290499
0.00822697
0.0028328
0.00820308
0.00290553
0.00826615
0.00285198
0.0082582
0.00281618
0.00821737
0.00286199
0.00819011
0.00290498
0.00835371
0.00286125
0.00830286
0.00288765
0.00835201
0.00287016
0.00841584
0.00292768
0.00840452
0.00287915
0.0083098
0.0028993
0.00851747
0.00291497
0.00840916
0.00294999
0.00843274
0.00286897
0.00845759
0.00294343
0.00846874
0.00293938
0.00841734
0.0029728
0.00847218
0.00295739
0.00847896
0.00295374
0.00850434
0.00298311
0.00848502
0.00297364
0.00852806
0.0030129
0.0100236
0.00297598
0.00861132
0.00299469
0.00858622
0.00301841
0.00851973
0.00309529
0.00853442
0.00311694
0.00840879
0.0030981
0.00860654
0.00313311
0.00859697
0.00313869
0.00857272
0.00315894
0.0086452
0.00312183
0.00870538
0.00319978
0.00871907
0.00315114
0.00876229
0.00311916
0.00888201
0.00312234
0.0089121
0.00316913
0.00893551
0.00314206
0.00899623
0.00315219
0.00892246
0.0031648
0.00905892
0.003148
0.00903808
0.00317778
0.00911849
0.00319531
0.00908454
0.00317153
0.00917503
0.00319245
0.00932949
0.00319139
0.00921778
0.00321044
0.00941
0.00318873
0.00950931
0.00324671
0.00939412
0.00319179
0.00943094
0.00318843
0.0094712
0.00320074
0.00946676
0.00321992
0.00951693
0.00320361
0.0094837
0.00321359
0.00965182
0.00321664
0.0095957
0.00325075
0.0096433
0.00324598
0.00970274
0.00326986
0.00968425
0.00326018
0.00974475
0.00329485
0.00970748
0.00326402
0.00980089
0.00329908
0.0118515
0.00328646
0.00983246
0.00328332
0.00988446
0.0032758
0.00992502
0.00326772
0.0100308
0.00326594
0.00997608
0.00327147
0.0100932
0.00329384
0.0101025
0.00329437
0.0101362
0.00329005
0.0102339
0.00331794
0.0101764
0.00331858
0.0101095
0.00333859
0.0100888
0.00333018
0.0101097
0.00335955
0.0102393
0.00336447
0.0101946
0.00334627
0.0102973
0.0033424
0.0102728
0.00333928
0.0104172
0.00335783
0.0104605
0.00334313
0.0105007
0.00335669
0.0105646
0.00338973
0.0105312
0.00335634
0.0106537
0.00334029
0.0105277
0.00336837
0.0108316
0.00339619
0.0108729
0.00337849
0.0111946
0.00337626
0.0116596
0.00337756
